0.55908203125 0.359130859375 0.08203125
0.55908203125 0.359130859375 0.08203125
0.55908203125 0.359130859375 0.08203125
0.558349609375 0.36083984375 0.0810546875
0.558349609375 0.36083984375 0.0810546875
0.558349609375 0.36083984375 0.0810546875
0.558349609375 0.36083984375 0.0810546875
0.560791015625 0.361083984375 0.078369140625
0.560791015625 0.361083984375 0.078369140625
0.560791015625 0.361083984375 0.078369140625
0.560791015625 0.361083984375 0.078369140625
0.560791015625 0.361083984375 0.078369140625
0.560791015625 0.361083984375 0.078369140625
0.5625 0.36083984375 0.076904296875
0.5625 0.36083984375 0.076904296875
0.5625 0.36083984375 0.076904296875
0.5625 0.36083984375 0.076904296875
0.55810546875 0.362548828125 0.07958984375
0.55810546875 0.362548828125 0.07958984375
0.553955078125 0.36376953125 0.08251953125
0.553955078125 0.36376953125 0.08251953125
0.552490234375 0.36474609375 0.0830078125
0.552490234375 0.36474609375 0.0830078125
0.55517578125 0.36328125 0.081787109375
0.55517578125 0.36328125 0.081787109375
0.559814453125 0.361083984375 0.07958984375
0.559814453125 0.361083984375 0.07958984375
0.559814453125 0.361083984375 0.07958984375
0.559814453125 0.361083984375 0.07958984375
0.559814453125 0.361083984375 0.07958984375
0.556884765625 0.362060546875 0.081298828125
0.556884765625 0.362060546875 0.081298828125
0.556884765625 0.362060546875 0.081298828125
0.556884765625 0.362060546875 0.081298828125
0.556884765625 0.36181640625 0.08154296875
0.556884765625 0.36181640625 0.08154296875
0.557373046875 0.361572265625 0.08154296875
0.557373046875 0.361572265625 0.08154296875
0.557373046875 0.361572265625 0.08154296875
0.557373046875 0.361572265625 0.08154296875
0.557373046875 0.361572265625 0.08154296875
0.557861328125 0.361328125 0.0810546875
0.558349609375 0.361328125 0.080810546875
0.558349609375 0.361328125 0.080810546875
0.558349609375 0.361328125 0.080810546875
0.558349609375 0.361328125 0.080810546875
0.5576171875 0.361572265625 0.081298828125
0.5576171875 0.361572265625 0.081298828125
0.5576171875 0.361572265625 0.0810546875
0.5576171875 0.361572265625 0.0810546875
0.5576171875 0.361572265625 0.0810546875
0.558837890625 0.361083984375 0.08056640625
0.558837890625 0.361083984375 0.08056640625
0.558837890625 0.361083984375 0.08056640625
0.558837890625 0.361083984375 0.08056640625
0.558349609375 0.361328125 0.080810546875
0.558349609375 0.361328125 0.080810546875
0.558349609375 0.361328125 0.080810546875
0.558349609375 0.361328125 0.080810546875
0.558349609375 0.361328125 0.080810546875
0.561279296875 0.3603515625 0.078857421875
0.561279296875 0.3603515625 0.078857421875
0.561279296875 0.3603515625 0.078857421875
0.561279296875 0.3603515625 0.078857421875
0.557373046875 0.3623046875 0.080810546875
0.557373046875 0.3623046875 0.080810546875
0.557373046875 0.3623046875 0.080810546875
0.56005859375 0.361083984375 0.079345703125
0.558837890625 0.361572265625 0.079833984375
0.558837890625 0.361572265625 0.079833984375
0.558837890625 0.361572265625 0.079833984375
0.558837890625 0.361572265625 0.080078125
0.558837890625 0.361572265625 0.080078125
0.559326171875 0.361328125 0.07958984375
0.559326171875 0.361328125 0.07958984375
0.561279296875 0.360107421875 0.078857421875
0.561279296875 0.360107421875 0.078857421875
0.561279296875 0.360107421875 0.078857421875
0.561279296875 0.360107421875 0.078857421875
0.560791015625 0.360107421875 0.07958984375
0.56005859375 0.3603515625 0.079833984375
0.56005859375 0.3603515625 0.079833984375
0.56005859375 0.3603515625 0.079833984375
0.56005859375 0.3603515625 0.079833984375
0.56005859375 0.3603515625 0.079833984375
0.56103515625 0.359619140625 0.079833984375
0.56103515625 0.359619140625 0.079833984375
0.56103515625 0.359619140625 0.079833984375
0.56103515625 0.359619140625 0.079833984375
0.56103515625 0.359619140625 0.079833984375
0.560791015625 0.359619140625 0.079833984375
0.560546875 0.359619140625 0.080322265625
0.560546875 0.359619140625 0.080322265625
0.560546875 0.359619140625 0.080322265625
0.560546875 0.359619140625 0.080322265625
0.559814453125 0.359375 0.0810546875
0.5576171875 0.3603515625 0.082275390625
0.5576171875 0.3603515625 0.082275390625
0.5576171875 0.3603515625 0.082275390625
0.5576171875 0.3603515625 0.082275390625
0.5576171875 0.3603515625 0.082275390625
0.55908203125 0.35986328125 0.08154296875
0.55908203125 0.35986328125 0.08154296875
0.55908203125 0.35986328125 0.08154296875
0.55908203125 0.35986328125 0.08154296875
0.55908203125 0.35986328125 0.08154296875
0.559814453125 0.359619140625 0.0810546875
0.557373046875 0.360595703125 0.08251953125
0.557373046875 0.360595703125 0.08251953125
0.556396484375 0.36083984375 0.0830078125
0.556396484375 0.36083984375 0.0830078125
0.556396484375 0.36083984375 0.0830078125
0.556396484375 0.36083984375 0.0830078125
0.553955078125 0.361572265625 0.0849609375
0.553955078125 0.361572265625 0.0849609375
0.556396484375 0.36083984375 0.083251953125
0.556396484375 0.36083984375 0.083251953125
0.556396484375 0.36083984375 0.083251953125
0.556396484375 0.36083984375 0.083251953125
0.556396484375 0.36083984375 0.083251953125
0.56201171875 0.359375 0.078857421875
0.56201171875 0.359375 0.078857421875
0.56201171875 0.359375 0.078857421875
0.56201171875 0.359375 0.078857421875
0.561279296875 0.35986328125 0.0791015625
0.561279296875 0.35986328125 0.0791015625
0.5634765625 0.35888671875 0.077880859375
0.5634765625 0.35888671875 0.077880859375
0.5634765625 0.35888671875 0.077880859375
0.56494140625 0.358154296875 0.077392578125
0.56494140625 0.358154296875 0.077392578125
0.56591796875 0.357421875 0.076904296875
0.564453125 0.35791015625 0.077880859375
0.564453125 0.35791015625 0.077880859375
0.564453125 0.35791015625 0.077880859375
0.5654296875 0.357666015625 0.077392578125
0.5654296875 0.357666015625 0.077392578125
0.5654296875 0.357666015625 0.077392578125
0.5654296875 0.357666015625 0.077392578125
0.5654296875 0.357666015625 0.077392578125
0.5654296875 0.357666015625 0.077392578125
0.56591796875 0.357421875 0.076904296875
0.56591796875 0.357421875 0.076904296875
0.56591796875 0.357421875 0.076904296875
0.56591796875 0.357421875 0.076904296875
0.566162109375 0.357421875 0.07666015625
0.566162109375 0.357421875 0.07666015625
0.565185546875 0.358154296875 0.076904296875
0.565185546875 0.358154296875 0.076904296875
0.565185546875 0.358154296875 0.076904296875
0.56396484375 0.35888671875 0.077392578125
0.56396484375 0.35888671875 0.077392578125
0.56396484375 0.35888671875 0.077392578125
0.55712890625 0.361328125 0.08203125
0.55712890625 0.361328125 0.08203125
0.55712890625 0.361328125 0.08203125
0.55712890625 0.361328125 0.08203125
0.55712890625 0.361328125 0.08203125
0.561279296875 0.35986328125 0.079345703125
0.56396484375 0.358154296875 0.078125
0.56396484375 0.358154296875 0.078125
0.56396484375 0.358154296875 0.078125
0.57080078125 0.362548828125 0.067138671875
0.56982421875 0.355712890625 0.07470703125
0.565185546875 0.357666015625 0.07763671875
0.565185546875 0.357666015625 0.07763671875
0.565185546875 0.357666015625 0.07763671875
0.56494140625 0.357666015625 0.077880859375
0.56494140625 0.357666015625 0.077880859375
0.565673828125 0.357177734375 0.07763671875
0.565673828125 0.357177734375 0.07763671875
0.562255859375 0.358154296875 0.079833984375
0.562255859375 0.358154296875 0.079833984375
0.562255859375 0.358154296875 0.079833984375
0.5634765625 0.357666015625 0.0791015625
0.56298828125 0.35791015625 0.07958984375
0.56298828125 0.35791015625 0.07958984375
0.56298828125 0.35791015625 0.07958984375
0.56298828125 0.35791015625 0.07958984375
0.564453125 0.35693359375 0.0791015625
0.564453125 0.35693359375 0.0791015625
0.564453125 0.35693359375 0.0791015625
0.564453125 0.35693359375 0.0791015625
0.561767578125 0.35791015625 0.08056640625
0.561767578125 0.35791015625 0.08056640625
0.561767578125 0.35791015625 0.08056640625
0.561767578125 0.35791015625 0.08056640625
0.56103515625 0.358154296875 0.081298828125
0.56103515625 0.358154296875 0.081298828125
0.56103515625 0.358154296875 0.081298828125
0.559814453125 0.3583984375 0.082275390625
0.559326171875 0.358642578125 0.08251953125
0.559326171875 0.358642578125 0.08251953125
0.559326171875 0.358642578125 0.08251953125
0.560302734375 0.358154296875 0.081787109375
0.560302734375 0.358154296875 0.081787109375
0.5615234375 0.357666015625 0.0810546875
0.5615234375 0.357666015625 0.0810546875
0.56396484375 0.35693359375 0.079345703125
0.56396484375 0.35693359375 0.079345703125
0.56396484375 0.35693359375 0.079345703125
0.56396484375 0.35693359375 0.079345703125
0.561767578125 0.358154296875 0.080322265625
0.561767578125 0.358154296875 0.080322265625
0.561767578125 0.358154296875 0.080322265625
0.561767578125 0.358154296875 0.080322265625
0.561767578125 0.35791015625 0.080810546875
0.561767578125 0.35791015625 0.080810546875
0.561767578125 0.35791015625 0.080810546875
0.561767578125 0.35791015625 0.080810546875
0.56103515625 0.358154296875 0.081298828125
0.56103515625 0.358154296875 0.081298828125
0.560546875 0.358154296875 0.08154296875
0.55908203125 0.358642578125 0.08251953125
0.55908203125 0.358642578125 0.08251953125
0.55908203125 0.358642578125 0.08251953125
0.55908203125 0.358642578125 0.08251953125
0.55908203125 0.358642578125 0.08251953125
0.556396484375 0.359619140625 0.084228515625
0.556396484375 0.359619140625 0.084228515625
0.556396484375 0.359619140625 0.084228515625
0.5537109375 0.36083984375 0.0859375
0.5537109375 0.36083984375 0.0859375
0.5537109375 0.36083984375 0.0859375
0.5537109375 0.36083984375 0.0859375
0.556884765625 0.359619140625 0.083740234375
0.556884765625 0.359619140625 0.083740234375
0.558837890625 0.359130859375 0.082275390625
0.558837890625 0.359130859375 0.082275390625
0.56005859375 0.358642578125 0.081787109375
0.56005859375 0.358642578125 0.081787109375
0.55859375 0.359130859375 0.082763671875
0.5595703125 0.358642578125 0.08203125
0.5595703125 0.358642578125 0.08203125
0.5595703125 0.358642578125 0.08203125
0.5595703125 0.358642578125 0.08203125
0.559814453125 0.358642578125 0.08203125
0.559814453125 0.358642578125 0.08203125
0.559814453125 0.358642578125 0.08203125
0.5615234375 0.35791015625 0.0810546875
0.5615234375 0.35791015625 0.0810546875
0.561767578125 0.35791015625 0.080810546875
0.561767578125 0.35791015625 0.080810546875
0.556884765625 0.35986328125 0.08349609375
0.556884765625 0.35986328125 0.08349609375
0.556884765625 0.35986328125 0.08349609375
0.556884765625 0.35986328125 0.08349609375
0.556884765625 0.35986328125 0.08349609375
0.55224609375 0.362060546875 0.0859375
0.55224609375 0.362060546875 0.0859375
0.556640625 0.361572265625 0.08203125
0.556640625 0.361572265625 0.08203125
0.556640625 0.361572265625 0.08203125
0.556640625 0.361572265625 0.08203125
0.556640625 0.361572265625 0.08203125
0.556640625 0.361572265625 0.08203125
0.55322265625 0.363037109375 0.084228515625
0.55322265625 0.363037109375 0.084228515625
0.55322265625 0.363037109375 0.084228515625
0.55322265625 0.363037109375 0.084228515625
0.55322265625 0.363037109375 0.084228515625
0.548583984375 0.365234375 0.086669921875
0.548583984375 0.365234375 0.086669921875
0.548583984375 0.365234375 0.086669921875
0.543212890625 0.36767578125 0.089599609375
0.543212890625 0.36767578125 0.089599609375
0.543212890625 0.36767578125 0.089599609375
0.539306640625 0.369384765625 0.091552734375
0.539306640625 0.369384765625 0.091552734375
0.539306640625 0.369384765625 0.091552734375
0.539306640625 0.369384765625 0.091552734375
0.539306640625 0.369384765625 0.091552734375
0.542236328125 0.368896484375 0.08935546875
0.5380859375 0.37109375 0.09130859375
0.5380859375 0.37109375 0.09130859375
0.5380859375 0.37109375 0.09130859375
0.5380859375 0.37109375 0.09130859375
0.5380859375 0.37109375 0.09130859375
0.530517578125 0.373779296875 0.095947265625
0.530517578125 0.373779296875 0.095947265625
0.530517578125 0.373779296875 0.095947265625
0.52392578125 0.376220703125 0.10009765625
0.525146484375 0.37548828125 0.099853515625
0.525146484375 0.37548828125 0.099853515625
0.525146484375 0.37548828125 0.099853515625
0.525146484375 0.37548828125 0.099853515625
0.531982421875 0.37255859375 0.095703125
0.531982421875 0.37255859375 0.095703125
0.531982421875 0.37255859375 0.095703125
0.531982421875 0.37255859375 0.095703125
0.536376953125 0.371337890625 0.0927734375
0.536376953125 0.371337890625 0.0927734375
0.536376953125 0.371337890625 0.0927734375
0.5380859375 0.37109375 0.09130859375
0.5380859375 0.37109375 0.09130859375
0.5380859375 0.37109375 0.09130859375
0.542724609375 0.368408203125 0.08935546875
0.542724609375 0.368408203125 0.08935546875
0.542724609375 0.368408203125 0.08935546875
0.542724609375 0.368408203125 0.08935546875
0.542724609375 0.368408203125 0.08935546875
0.54541015625 0.366943359375 0.088134765625
0.54296875 0.36865234375 0.088623046875
0.54296875 0.36865234375 0.088623046875
0.54296875 0.36865234375 0.088623046875
0.54296875 0.36865234375 0.088623046875
0.54443359375 0.3681640625 0.087890625
0.54931640625 0.36474609375 0.08642578125
0.54931640625 0.36474609375 0.08642578125
0.54931640625 0.36474609375 0.08642578125
0.54931640625 0.36474609375 0.08642578125
0.54931640625 0.36474609375 0.08642578125
0.552734375 0.36328125 0.084228515625
0.552734375 0.36328125 0.084228515625
0.552734375 0.36328125 0.084228515625
0.552978515625 0.36376953125 0.083740234375
0.55419921875 0.363037109375 0.083251953125
0.55419921875 0.363037109375 0.083251953125
0.55419921875 0.363037109375 0.083251953125
0.55419921875 0.363037109375 0.083251953125
0.55419921875 0.363037109375 0.083251953125
0.55126953125 0.363525390625 0.085693359375
0.55126953125 0.363525390625 0.085693359375
0.539794921875 0.3681640625 0.092529296875
0.539794921875 0.3681640625 0.092529296875
0.5419921875 0.367431640625 0.091064453125
0.5419921875 0.367431640625 0.091064453125
0.5419921875 0.367431640625 0.091064453125
0.5419921875 0.367431640625 0.091064453125
0.5419921875 0.367431640625 0.091064453125
0.5419921875 0.367431640625 0.091064453125
0.54931640625 0.3642578125 0.0869140625
0.54833984375 0.3642578125 0.087890625
0.54833984375 0.3642578125 0.087890625
0.54833984375 0.3642578125 0.087890625
0.54833984375 0.3642578125 0.087890625
0.54833984375 0.3642578125 0.087890625
0.5439453125 0.36572265625 0.090576171875
0.546875 0.364990234375 0.088623046875
0.546875 0.364990234375 0.088623046875
0.546875 0.364990234375 0.088623046875
0.5458984375 0.365478515625 0.089111328125
0.5458984375 0.365478515625 0.089111328125
0.5400390625 0.3681640625 0.09228515625
0.5400390625 0.3681640625 0.09228515625
0.5400390625 0.3681640625 0.09228515625
0.5380859375 0.368896484375 0.093505859375
0.5380859375 0.368896484375 0.093505859375
0.5390625 0.368408203125 0.093017578125
0.5390625 0.368408203125 0.093017578125
0.5390625 0.368408203125 0.093017578125
0.541259765625 0.367431640625 0.091796875
0.541259765625 0.367431640625 0.091796875
0.54296875 0.36669921875 0.090576171875
0.543212890625 0.366455078125 0.0908203125
0.543212890625 0.366455078125 0.0908203125
0.543212890625 0.366455078125 0.0908203125
0.543212890625 0.366455078125 0.0908203125
0.543212890625 0.366455078125 0.0908203125
0.543701171875 0.366455078125 0.09033203125
0.543701171875 0.366455078125 0.09033203125
0.543701171875 0.366455078125 0.09033203125
0.543701171875 0.366455078125 0.09033203125
0.543701171875 0.366455078125 0.09033203125
0.54248046875 0.366943359375 0.091064453125
0.54248046875 0.366943359375 0.091064453125
0.54248046875 0.366943359375 0.091064453125
0.54248046875 0.366943359375 0.091064453125
0.550048828125 0.36328125 0.087158203125
0.550048828125 0.36328125 0.087158203125
0.550048828125 0.36328125 0.087158203125
0.550048828125 0.36328125 0.087158203125
0.550048828125 0.36328125 0.087158203125
0.549560546875 0.36328125 0.08740234375
0.549560546875 0.36328125 0.08740234375
0.549560546875 0.36328125 0.08740234375
0.549560546875 0.36328125 0.08740234375
0.54833984375 0.36376953125 0.088134765625
0.54833984375 0.36376953125 0.088134765625
0.54833984375 0.36376953125 0.088134765625
0.544677734375 0.365478515625 0.09033203125
0.544677734375 0.365478515625 0.09033203125
0.544677734375 0.365478515625 0.09033203125
0.544677734375 0.365478515625 0.09033203125
0.54296875 0.365966796875 0.09130859375
0.5400390625 0.367431640625 0.0927734375
0.5400390625 0.367431640625 0.0927734375
0.5400390625 0.367431640625 0.0927734375
0.5400390625 0.367431640625 0.0927734375
0.5400390625 0.367431640625 0.0927734375
0.537841796875 0.368408203125 0.093994140625
0.537841796875 0.368408203125 0.093994140625
0.539306640625 0.36767578125 0.09326171875
0.539306640625 0.36767578125 0.09326171875
0.539306640625 0.36767578125 0.09326171875
0.539306640625 0.36767578125 0.09326171875
0.539306640625 0.36767578125 0.09326171875
0.544189453125 0.365966796875 0.09033203125
0.544189453125 0.365966796875 0.09033203125
0.544189453125 0.365966796875 0.09033203125
0.544189453125 0.365966796875 0.09033203125
0.544189453125 0.365966796875 0.09033203125
0.54443359375 0.3662109375 0.08984375
0.54443359375 0.3662109375 0.08984375
0.54443359375 0.3662109375 0.08984375
0.54443359375 0.3662109375 0.08984375
0.551513671875 0.3623046875 0.08642578125
0.551513671875 0.3623046875 0.08642578125
0.551513671875 0.3623046875 0.08642578125
0.551513671875 0.3623046875 0.08642578125
0.55322265625 0.36181640625 0.08544921875
0.55322265625 0.36181640625 0.08544921875
0.552734375 0.36181640625 0.085693359375
0.552734375 0.36181640625 0.085693359375
0.55419921875 0.361328125 0.084716796875
0.55419921875 0.361328125 0.084716796875
0.55419921875 0.361328125 0.084716796875
0.55419921875 0.361328125 0.084716796875
0.5546875 0.36083984375 0.084716796875
0.5546875 0.36083984375 0.084716796875
0.5546875 0.36083984375 0.084716796875
0.5546875 0.36083984375 0.084716796875
0.5546875 0.36083984375 0.084716796875
0.553466796875 0.361328125 0.08544921875
0.553466796875 0.361328125 0.08544921875
0.553466796875 0.361572265625 0.08544921875
0.553955078125 0.361572265625 0.0849609375
0.553955078125 0.361572265625 0.0849609375
0.553955078125 0.361572265625 0.0849609375
0.553955078125 0.361572265625 0.0849609375
0.55517578125 0.361328125 0.083740234375
0.55859375 0.360107421875 0.081787109375
0.55859375 0.360107421875 0.081787109375
0.55859375 0.360107421875 0.081787109375
0.55859375 0.360107421875 0.081787109375
0.556396484375 0.361328125 0.08251953125
0.5576171875 0.361083984375 0.081787109375
0.5576171875 0.361083984375 0.081787109375
0.5576171875 0.361083984375 0.081787109375
0.5576171875 0.361083984375 0.081787109375
0.5576171875 0.361083984375 0.081787109375
0.56591796875 0.358154296875 0.076416015625
0.56591796875 0.358154296875 0.076416015625
0.56591796875 0.358154296875 0.076416015625
0.5693359375 0.35693359375 0.073974609375
0.5693359375 0.35693359375 0.073974609375
0.5693359375 0.35693359375 0.073974609375
0.5693359375 0.35693359375 0.073974609375
0.5673828125 0.359130859375 0.07373046875
0.5673828125 0.359130859375 0.07373046875
0.5673828125 0.359130859375 0.07373046875
0.5673828125 0.359130859375 0.07373046875
0.561279296875 0.3623046875 0.07666015625
0.561279296875 0.3623046875 0.07666015625
0.561279296875 0.3623046875 0.07666015625
0.561279296875 0.3623046875 0.07666015625
0.561279296875 0.3623046875 0.07666015625
0.561279296875 0.3623046875 0.07666015625
0.554931640625 0.364990234375 0.08056640625
0.554931640625 0.364990234375 0.08056640625
0.554931640625 0.364990234375 0.08056640625
0.554931640625 0.364990234375 0.08056640625
0.554931640625 0.364990234375 0.08056640625
0.55615234375 0.3642578125 0.079833984375
0.55615234375 0.3642578125 0.079833984375
0.5517578125 0.3662109375 0.082275390625
0.5517578125 0.3662109375 0.082275390625
0.548583984375 0.367431640625 0.084228515625
0.548583984375 0.367431640625 0.084228515625
0.548583984375 0.367431640625 0.084228515625
0.548583984375 0.367431640625 0.084228515625
0.5419921875 0.3701171875 0.08837890625
0.5419921875 0.3701171875 0.08837890625
0.5419921875 0.3701171875 0.08837890625
0.5419921875 0.3701171875 0.08837890625
0.5419921875 0.3701171875 0.08837890625
0.545166015625 0.368896484375 0.08642578125
0.545166015625 0.368896484375 0.08642578125
0.545166015625 0.368896484375 0.08642578125
0.545166015625 0.368896484375 0.08642578125
0.54833984375 0.367919921875 0.083984375
0.54833984375 0.367919921875 0.083984375
0.550048828125 0.368896484375 0.081298828125
0.548828125 0.367919921875 0.083740234375
0.548828125 0.367919921875 0.083740234375
0.548828125 0.367919921875 0.083740234375
0.548828125 0.367919921875 0.083740234375
0.543701171875 0.368896484375 0.087890625
0.543701171875 0.368896484375 0.087890625
0.543701171875 0.368896484375 0.087890625
0.531982421875 0.373291015625 0.09521484375
0.531982421875 0.373291015625 0.09521484375
0.531982421875 0.373291015625 0.09521484375
0.531982421875 0.373291015625 0.09521484375
0.531982421875 0.373291015625 0.09521484375
0.533203125 0.37255859375 0.0947265625
0.533203125 0.37255859375 0.0947265625
0.5400390625 0.369873046875 0.090576171875
0.5400390625 0.369873046875 0.090576171875
0.5400390625 0.369873046875 0.090576171875
0.55029296875 0.365478515625 0.084716796875
0.55029296875 0.365478515625 0.084716796875
0.55712890625 0.362060546875 0.0810546875
0.55712890625 0.362060546875 0.0810546875
0.55712890625 0.362060546875 0.0810546875
0.56201171875 0.359619140625 0.07861328125
0.56201171875 0.359619140625 0.07861328125
0.563232421875 0.359375 0.077880859375
0.563232421875 0.359375 0.077880859375
0.563232421875 0.359375 0.077880859375
0.563232421875 0.359375 0.077880859375
0.56103515625 0.360595703125 0.07861328125
0.56103515625 0.360595703125 0.07861328125
0.55810546875 0.3623046875 0.079833984375
0.556396484375 0.36279296875 0.0810546875
0.556396484375 0.36279296875 0.0810546875
0.556396484375 0.36279296875 0.0810546875
0.556396484375 0.36279296875 0.0810546875
0.556396484375 0.36279296875 0.0810546875
0.558837890625 0.361572265625 0.079833984375
0.558837890625 0.361572265625 0.079833984375
0.558837890625 0.361572265625 0.079833984375
0.56103515625 0.3603515625 0.078857421875
0.56103515625 0.3603515625 0.078857421875
0.56103515625 0.3603515625 0.078857421875
0.56103515625 0.3603515625 0.078857421875
0.56103515625 0.3603515625 0.078857421875
0.56201171875 0.35986328125 0.07861328125
0.56201171875 0.35986328125 0.07861328125
0.564453125 0.359130859375 0.076904296875
0.564453125 0.359130859375 0.076904296875
0.566650390625 0.358154296875 0.075439453125
0.566650390625 0.358154296875 0.075439453125
0.566650390625 0.358154296875 0.075439453125
0.566650390625 0.358154296875 0.075439453125
0.565673828125 0.35888671875 0.07568359375
0.565673828125 0.35888671875 0.07568359375
0.565673828125 0.35888671875 0.07568359375
0.565673828125 0.35888671875 0.07568359375
0.565673828125 0.35888671875 0.07568359375
0.565185546875 0.35888671875 0.076171875
0.565185546875 0.35888671875 0.076171875
0.565185546875 0.35888671875 0.076171875
0.565185546875 0.35888671875 0.076171875
0.565185546875 0.35888671875 0.076416015625
0.564697265625 0.35888671875 0.07666015625
0.564697265625 0.35888671875 0.07666015625
0.564697265625 0.35888671875 0.07666015625
0.564697265625 0.35888671875 0.07666015625
0.564453125 0.35888671875 0.076904296875
0.564453125 0.35888671875 0.076904296875
0.564453125 0.35888671875 0.076904296875
0.564453125 0.35888671875 0.076904296875
0.564453125 0.35888671875 0.076904296875
0.56298828125 0.359375 0.077880859375
0.560302734375 0.360107421875 0.079833984375
0.560302734375 0.360107421875 0.079833984375
0.556884765625 0.361328125 0.08203125
0.556884765625 0.361328125 0.08203125
0.556884765625 0.361328125 0.08203125
0.556884765625 0.361328125 0.08203125
0.553955078125 0.3623046875 0.084228515625
0.551513671875 0.363037109375 0.085693359375
0.551513671875 0.363037109375 0.085693359375
0.551513671875 0.363037109375 0.085693359375
0.553466796875 0.362060546875 0.084716796875
0.553466796875 0.362060546875 0.084716796875
0.554931640625 0.361328125 0.083984375
0.554931640625 0.361328125 0.083984375
0.554931640625 0.361328125 0.083984375
0.554931640625 0.361328125 0.083984375
0.55224609375 0.3623046875 0.085693359375
0.55224609375 0.3623046875 0.085693359375
0.55224609375 0.3623046875 0.085693359375
0.55224609375 0.3623046875 0.085693359375
0.548095703125 0.364013671875 0.08837890625
0.544921875 0.364990234375 0.090576171875
0.544921875 0.364990234375 0.090576171875
0.544921875 0.364990234375 0.090576171875
0.544189453125 0.365478515625 0.0908203125
0.544189453125 0.365478515625 0.0908203125
0.545166015625 0.364990234375 0.090087890625
0.545166015625 0.364990234375 0.090087890625
0.545166015625 0.364990234375 0.090087890625
0.5400390625 0.367431640625 0.0927734375
0.5400390625 0.367431640625 0.0927734375
0.5400390625 0.367431640625 0.0927734375
0.5400390625 0.367431640625 0.0927734375
0.5341796875 0.36962890625 0.0966796875
0.5341796875 0.36962890625 0.0966796875
0.5341796875 0.36962890625 0.0966796875
0.53125 0.37109375 0.09814453125
0.53125 0.37109375 0.09814453125
0.53125 0.37109375 0.09814453125
0.53125 0.37109375 0.09814453125
0.5263671875 0.372802734375 0.101318359375
0.5263671875 0.372802734375 0.101318359375
0.5263671875 0.372802734375 0.101318359375
0.5263671875 0.373046875 0.10107421875
0.529541015625 0.3720703125 0.098876953125
0.529541015625 0.3720703125 0.098876953125
0.529541015625 0.3720703125 0.098876953125
0.529541015625 0.3720703125 0.098876953125
0.529541015625 0.3720703125 0.098876953125
0.526611328125 0.372802734375 0.10107421875
0.526611328125 0.372802734375 0.10107421875
0.526611328125 0.372802734375 0.10107421875
0.526611328125 0.372802734375 0.10107421875
0.52490234375 0.37353515625 0.10205078125
0.52490234375 0.37353515625 0.10205078125
0.52392578125 0.3740234375 0.1025390625
0.52392578125 0.3740234375 0.1025390625
0.522705078125 0.37451171875 0.10302734375
0.522705078125 0.37451171875 0.10302734375
0.522705078125 0.37451171875 0.10302734375
0.522705078125 0.37451171875 0.10302734375
0.522705078125 0.37451171875 0.10302734375
0.519287109375 0.375244140625 0.105712890625
0.519287109375 0.375244140625 0.105712890625
0.519287109375 0.375244140625 0.105712890625
0.519287109375 0.375244140625 0.105712890625
0.51904296875 0.37548828125 0.105712890625
0.51904296875 0.37548828125 0.105712890625
0.51904296875 0.37548828125 0.105712890625
0.51904296875 0.37548828125 0.105712890625
0.52587890625 0.372314453125 0.10205078125
0.52587890625 0.372314453125 0.10205078125
0.52587890625 0.372314453125 0.10205078125
0.52587890625 0.372314453125 0.10205078125
0.52587890625 0.372314453125 0.10205078125
0.52685546875 0.371826171875 0.101806640625
0.52685546875 0.371826171875 0.101806640625
0.524658203125 0.37255859375 0.103271484375
0.524658203125 0.37255859375 0.103271484375
0.526123046875 0.37158203125 0.102783203125
0.526123046875 0.37158203125 0.102783203125
0.526123046875 0.37158203125 0.102783203125
0.537109375 0.367431640625 0.095947265625
0.537109375 0.367431640625 0.095947265625
0.544677734375 0.364501953125 0.091064453125
0.544677734375 0.364501953125 0.091064453125
0.544677734375 0.364501953125 0.091064453125
0.54833984375 0.363525390625 0.08837890625
0.551513671875 0.362548828125 0.08642578125
0.551513671875 0.362548828125 0.08642578125
0.551513671875 0.362548828125 0.08642578125
0.551513671875 0.362548828125 0.08642578125
0.551513671875 0.362548828125 0.08642578125
0.554931640625 0.361328125 0.084228515625
0.553955078125 0.361328125 0.0849609375
0.553955078125 0.361328125 0.0849609375
0.553955078125 0.361328125 0.0849609375
0.552978515625 0.36181640625 0.085693359375
0.552978515625 0.36181640625 0.085693359375
0.552978515625 0.36181640625 0.085693359375
0.552978515625 0.36181640625 0.085693359375
0.552978515625 0.36181640625 0.085693359375
0.55419921875 0.361328125 0.084716796875
0.55859375 0.360107421875 0.08154296875
0.55859375 0.360107421875 0.08154296875
0.55859375 0.360107421875 0.08154296875
0.55859375 0.360107421875 0.08154296875
0.55859375 0.360107421875 0.08154296875
0.5634765625 0.358642578125 0.078125
0.5634765625 0.358642578125 0.078125
0.56591796875 0.35791015625 0.076416015625
0.56591796875 0.35791015625 0.076416015625
0.56591796875 0.35791015625 0.076416015625
0.565673828125 0.358154296875 0.07666015625
0.565673828125 0.358154296875 0.07666015625
0.565673828125 0.358154296875 0.07666015625
0.56689453125 0.357666015625 0.075927734375
0.56689453125 0.357666015625 0.075927734375
0.56689453125 0.357666015625 0.075927734375
0.563720703125 0.358642578125 0.077880859375
0.563720703125 0.358642578125 0.077880859375
0.563720703125 0.358642578125 0.077880859375
0.563720703125 0.358642578125 0.077880859375
0.563720703125 0.358642578125 0.077880859375
0.56494140625 0.3583984375 0.076904296875
0.56494140625 0.3583984375 0.076904296875
0.564208984375 0.359375 0.076904296875
0.564208984375 0.359375 0.076904296875
0.564208984375 0.359375 0.076904296875
0.564208984375 0.359375 0.076904296875
0.564208984375 0.359375 0.076904296875
0.563720703125 0.35986328125 0.076904296875
0.560302734375 0.360595703125 0.07958984375
0.560302734375 0.360595703125 0.07958984375
0.560302734375 0.360595703125 0.07958984375
0.560302734375 0.360595703125 0.07958984375
0.560302734375 0.360595703125 0.07958984375
0.5537109375 0.36279296875 0.083740234375
0.5537109375 0.36279296875 0.083740234375
0.553955078125 0.362548828125 0.083740234375
0.553955078125 0.362548828125 0.083740234375
0.553955078125 0.362548828125 0.083740234375
0.554931640625 0.362060546875 0.083251953125
0.554931640625 0.362060546875 0.083251953125
0.554931640625 0.362060546875 0.083251953125
0.554931640625 0.362060546875 0.083251953125
0.554931640625 0.362060546875 0.083251953125
0.6015625 0.32275390625 0.075927734375
0.55224609375 0.36279296875 0.08544921875
0.55224609375 0.36279296875 0.08544921875
0.55224609375 0.36279296875 0.08544921875
0.55224609375 0.36279296875 0.08544921875
0.548828125 0.364013671875 0.087646484375
0.548828125 0.364013671875 0.087646484375
0.548828125 0.364013671875 0.087646484375
0.548828125 0.364013671875 0.087646484375
0.548828125 0.364013671875 0.087646484375
0.552001953125 0.36279296875 0.085693359375
0.552001953125 0.36279296875 0.085693359375
0.552001953125 0.36279296875 0.085693359375
0.552001953125 0.36279296875 0.085693359375
0.556396484375 0.36083984375 0.083251953125
0.556396484375 0.36083984375 0.083251953125
0.556396484375 0.36083984375 0.083251953125
0.556396484375 0.36083984375 0.083251953125
0.558349609375 0.3603515625 0.081787109375
0.560791015625 0.359375 0.080078125
0.560791015625 0.359375 0.080078125
0.560791015625 0.359375 0.080078125
0.56298828125 0.359130859375 0.078125
0.56298828125 0.359130859375 0.078125
0.56298828125 0.359130859375 0.078125
0.56298828125 0.359130859375 0.078125
0.56298828125 0.359130859375 0.078125
0.5751953125 0.355224609375 0.06982421875
0.5751953125 0.355224609375 0.06982421875
0.5751953125 0.355224609375 0.06982421875
0.57275390625 0.356689453125 0.07080078125
0.57275390625 0.356689453125 0.07080078125
0.57275390625 0.356689453125 0.07080078125
0.57275390625 0.356689453125 0.07080078125
0.57275390625 0.356689453125 0.07080078125
0.56201171875 0.362060546875 0.076171875
0.553955078125 0.364501953125 0.081787109375
0.553955078125 0.364501953125 0.081787109375
0.553955078125 0.364501953125 0.081787109375
0.553955078125 0.364501953125 0.081787109375
0.553955078125 0.364501953125 0.081787109375
0.548583984375 0.3662109375 0.08544921875
0.548583984375 0.3662109375 0.08544921875
0.557861328125 0.362060546875 0.08056640625
0.557861328125 0.362060546875 0.08056640625
0.557861328125 0.362060546875 0.08056640625
0.56005859375 0.3603515625 0.080078125
0.56005859375 0.3603515625 0.080078125
0.56005859375 0.3603515625 0.080078125
0.56005859375 0.3603515625 0.080078125
0.56005859375 0.3603515625 0.080078125
0.547119140625 0.36474609375 0.08837890625
0.552490234375 0.36279296875 0.0849609375
0.552490234375 0.36279296875 0.0849609375
0.552490234375 0.36279296875 0.0849609375
0.552490234375 0.36279296875 0.0849609375
0.552490234375 0.36279296875 0.0849609375
0.550537109375 0.363525390625 0.086181640625
0.550537109375 0.363525390625 0.086181640625
0.543212890625 0.365966796875 0.091064453125
0.534912109375 0.369140625 0.09619140625
0.534912109375 0.369140625 0.09619140625
0.534912109375 0.369140625 0.09619140625
0.534912109375 0.369140625 0.09619140625
0.534912109375 0.369140625 0.09619140625
0.541259765625 0.366455078125 0.092529296875
0.541259765625 0.366455078125 0.092529296875
0.541259765625 0.366455078125 0.092529296875
0.5439453125 0.365234375 0.091064453125
0.5439453125 0.365234375 0.091064453125
0.5439453125 0.365234375 0.091064453125
0.5439453125 0.365234375 0.091064453125
0.5439453125 0.365234375 0.091064453125
0.539306640625 0.36669921875 0.09423828125
0.539306640625 0.36669921875 0.09423828125
0.539306640625 0.36669921875 0.09423828125
0.539306640625 0.36669921875 0.09423828125
0.5439453125 0.365234375 0.091064453125
0.5439453125 0.365234375 0.091064453125
0.552978515625 0.362060546875 0.085205078125
0.552978515625 0.362060546875 0.085205078125
0.548583984375 0.36376953125 0.087890625
0.548583984375 0.36376953125 0.087890625
0.548583984375 0.36376953125 0.087890625
0.548583984375 0.36376953125 0.087890625
0.548583984375 0.36376953125 0.087890625
0.530029296875 0.37060546875 0.099609375
0.530029296875 0.37060546875 0.099609375
0.525146484375 0.373291015625 0.10205078125
0.525146484375 0.373291015625 0.10205078125
0.525146484375 0.373291015625 0.10205078125
0.525146484375 0.373291015625 0.10205078125
0.5283203125 0.3720703125 0.099853515625
0.5283203125 0.3720703125 0.099853515625
0.5283203125 0.3720703125 0.099853515625
0.5283203125 0.3720703125 0.099853515625
0.53466796875 0.369873046875 0.095703125
0.53466796875 0.369873046875 0.095703125
0.530517578125 0.371826171875 0.097900390625
0.530517578125 0.371826171875 0.097900390625
0.530517578125 0.371826171875 0.097900390625
0.530517578125 0.371826171875 0.097900390625
0.530517578125 0.371826171875 0.097900390625
0.5322265625 0.3720703125 0.09619140625
0.5322265625 0.3720703125 0.09619140625
0.534423828125 0.371337890625 0.0947265625
0.534423828125 0.371337890625 0.0947265625
0.535888671875 0.37060546875 0.09375
0.535888671875 0.37060546875 0.09375
0.535888671875 0.37060546875 0.09375
0.535888671875 0.37060546875 0.09375
0.535888671875 0.37060546875 0.09375
0.541015625 0.368896484375 0.09033203125
0.541015625 0.368896484375 0.09033203125
0.541015625 0.368896484375 0.09033203125
0.540771484375 0.369140625 0.090576171875
0.540771484375 0.369140625 0.090576171875
0.540771484375 0.369140625 0.090576171875
0.54736328125 0.366455078125 0.086669921875
0.54736328125 0.366455078125 0.086669921875
0.552490234375 0.364990234375 0.0830078125
0.552490234375 0.364990234375 0.0830078125
0.552490234375 0.364990234375 0.0830078125
0.552490234375 0.364990234375 0.0830078125
0.552490234375 0.364990234375 0.0830078125
0.548583984375 0.3662109375 0.085693359375
0.548583984375 0.3662109375 0.085693359375
0.548583984375 0.3662109375 0.085693359375
0.548583984375 0.3662109375 0.085693359375
0.548828125 0.366455078125 0.0849609375
0.548828125 0.366455078125 0.0849609375
0.548828125 0.366455078125 0.0849609375
0.541259765625 0.369873046875 0.08935546875
0.524658203125 0.376708984375 0.09912109375
0.524658203125 0.376708984375 0.09912109375
0.524658203125 0.376708984375 0.09912109375
0.524658203125 0.376708984375 0.09912109375
0.524658203125 0.376708984375 0.09912109375
0.539794921875 0.37109375 0.089599609375
0.548095703125 0.36767578125 0.08447265625
0.548095703125 0.36767578125 0.08447265625
0.548095703125 0.36767578125 0.08447265625
0.548095703125 0.36767578125 0.08447265625
0.5478515625 0.36767578125 0.0849609375
0.5478515625 0.36767578125 0.0849609375
0.5478515625 0.36767578125 0.0849609375
0.5478515625 0.36767578125 0.0849609375
0.5439453125 0.368896484375 0.087646484375
0.5439453125 0.368896484375 0.087646484375
0.53564453125 0.371826171875 0.093017578125
0.53564453125 0.371826171875 0.093017578125
0.53564453125 0.371826171875 0.093017578125
0.53564453125 0.371826171875 0.093017578125
0.544677734375 0.3681640625 0.08740234375
0.544677734375 0.3681640625 0.08740234375
0.547119140625 0.366943359375 0.086181640625
0.547119140625 0.366943359375 0.086181640625
0.547119140625 0.366943359375 0.086181640625
0.54736328125 0.36669921875 0.086181640625
0.54736328125 0.36669921875 0.086181640625
0.54736328125 0.36669921875 0.086181640625
0.54736328125 0.36669921875 0.086181640625
0.54736328125 0.36669921875 0.086181640625
0.541259765625 0.368896484375 0.090087890625
0.541259765625 0.368896484375 0.090087890625
0.541259765625 0.368896484375 0.090087890625
0.541259765625 0.368896484375 0.090087890625
0.54150390625 0.369140625 0.08984375
0.53564453125 0.370849609375 0.09375
0.53564453125 0.370849609375 0.09375
0.53564453125 0.370849609375 0.09375
0.53564453125 0.370849609375 0.09375
0.53564453125 0.370849609375 0.09375
0.525634765625 0.374755859375 0.10009765625
0.525634765625 0.374755859375 0.10009765625
0.525634765625 0.374755859375 0.10009765625
0.525634765625 0.374755859375 0.10009765625